Block 0:
Data: Genesis Block
Timestamp: 1739977678.9531066
Nonce: 39393
Hash: 0000c236346c1a6b6d9098e6401209131c88c7d3503e2a76108c3a0a86dbc0a4
PrevHash: 0

Block 1:
Data: занять 100р
Timestamp: 1739977679.1275563
Nonce: 82990
Hash: 0000686822be4c2f2b7f9a6479b13eec6d4d6f6d924d821fedd59d5f53c96c50
PrevHash: 0000c236346c1a6b6d9098e6401209131c88c7d3503e2a76108c3a0a86dbc0a4

Block 2:
Data: отдать 100р
Timestamp: 1739977679.5366292
Nonce: 16456
Hash: 0000dae953f65b1abe1205caf946ad2e84c072d2508e130fb19e4b9603ad35a6
PrevHash: 0000686822be4c2f2b7f9a6479b13eec6d4d6f6d924d821fedd59d5f53c96c50

